panel_index,mid_xi,mid_eta,panel_length,kinematic_residual_midpoint,kinematic_residual_left,kinematic_residual_right,kinematic_integral_panel_linear_exact
0,4.487279092441474,0.22078866991520096,0.004126053311407247,-0.0595356807228149,-0.13921147789078447,0.020140116445154455,2.33558335241808e-05
1,4.483318759242948,0.21935861729509593,0.004295182391542469,0.01247754810141899,0.012742850080224688,0.01221224612261329,6.688143111792166e-07
2,4.479200715666138,0.21785967412246643,0.00446955789404886,0.0027834761009186693,-0.002234594741451268,0.007801546943287718,7.214500014560944e-08
3,4.474922290072318,0.2162838458514995,0.004649269606910818,-0.005255891805665547,-0.010334960734742493,-0.00017682287658837836,1.6841225536185545e-07
4,4.470481213924137,0.21462202066049132,0.004834406053368812,-0.007423915739448894,-0.025978942102069746,0.011131110623171958,8.21256940085126e-07
5,4.4658797865759965,0.21285332570175558,0.005025054369537492,0.0023358736811573966,-0.03835853415109658,0.04303028151341093,2.80130658446051e-06
6,4.46112377472892,0.21094921806931152,0.005221300225253696,0.013386597203496331,-0.024370325124259518,0.05114351953125196,3.416798221915251e-06
7,4.456211364644036,0.2089013824491191,0.005423227633843667,0.01406967519735458,-0.0009226116204144041,0.029061962015124232,1.47988302542961e-06
8,4.451134095446883,0.20671755626176735,0.0056309189049961635,0.00751731392208832,-0.013113436586706939,0.0281480644308838,1.117095275860149e-06
9,4.445894922626052,0.20437881346713954,0.005844454481043622,0.006427237313124445,-0.04265121107510539,0.05550568570135428,4.933931789332069e-06
10,4.440509435134917,0.20184036636771185,0.006063912898539668,0.01382859290231142,-0.04314619068885972,0.07080337649348234,7.721010322705677e-06
11,4.4349889411036045,0.19907105008539633,0.0062893705448711645,0.01856725588117314,-0.030423972818164113,0.06755848458051039,7.200007378885514e-06
12,4.42934036203882,0.19605243678754125,0.006520901623378133,0.015578711517428623,-0.03921843609259734,0.07037585912745548,8.109428349597613e-06
13,4.423581929325822,0.19274875160123947,0.006758578038933082,0.010752492522184465,-0.0609584852413807,0.08246347028574963,1.2366649236566943e-05
14,4.417747550292175,0.1891043981369006,0.007002469502886647,0.010692861869371573,-0.07712923532854044,0.09851495906728314,1.8803340714264706e-05
15,4.411884102665001,0.18505595451175086,0.0072526425646038915,0.012424881413183986,-0.08967730548983655,0.1145270683162054,2.6322232283517453e-05
16,4.406052726325338,0.18053661126690207,0.007509162054045542,0.010835056375553709,-0.09980064867830007,0.12147076142940749,3.151959401498954e-05
17,4.400329124519066,0.17548180325630452,0.007772089836881776,0.0032229642461873986,-0.11279492547876568,0.11924085397114093,3.49518994850931e-05
18,4.394811275023844,0.16982746946242316,0.008041486428153843,-0.004823422138607203,-0.13542690796006518,0.12578006368285122,4.590902483980568e-05
19,4.389640177492259,0.16350213590787238,0.008317402018652517,-0.007314700223529869,-0.15294084109545913,0.1383114406483994,5.924066100944936e-05
20,4.384996540225346,0.15644751483000696,0.008599893635981478,-0.007612209751210575,-0.1429458138776769,0.1277213943752562,5.3001206448666244e-05
21,4.381060801219613,0.14865596163057154,0.00888902026468818,-0.013058236959128777,-0.12249518302696494,0.09637870910870783,3.700202190200005e-05
22,4.3780087966580385,0.14016924842279999,0.009184809456462299,-0.019601526967696792,-0.10889015929923396,0.06968710536384037,2.7937494447509226e-05
23,4.376035994295622,0.13106634488272742,0.009487314293626264,-0.008478200264450564,-0.07584609374743145,0.058889693218531214,1.5034460662938648e-05
24,4.375322170818158,0.12147503301953683,0.009796514388674687,0.015522362185508953,-0.005486114740110182,0.036530839111125424,3.801659166752417e-06
25,4.3759254943908115,0.11155949292462078,0.010112599568930269,0.025459952800248153,0.05520087753047509,-0.004280971929979671,9.536687676017338e-06
26,4.377798678648802,0.10147557089212679,0.010435424828797158,0.019103189009261,0.07650340138525191,-0.038297023366731686,1.5269043593985388e-05
27,4.380890499732482,0.09135255594060124,0.01076512600334928,0.0171482494875681,0.09018190086739608,-0.055885401892261655,2.2305705712897578e-05
28,4.385146836415087,0.08129633068077546,0.011101689646938777,0.021016850765738226,0.10574673257629774,-0.06371303104481951,3.147061434567077e-05
29,4.39048489282793,0.0713790659443723,0.011445163931939223,0.020276693454115424,0.11212681101661115,-0.07157342410838119,3.689110911184547e-05
30,4.396807596126376,0.06163957674636977,0.011795543145855378,0.014906828880686174,0.10739804934056485,-0.07758439157919383,3.625661563575668e-05
31,4.404036393883196,0.05210253727924362,0.012152836016998389,0.012751399415147802,0.10254250598933856,-0.07703970715904385,3.463654426570495e-05
32,4.412109352458119,0.042784093006381946,0.012517069690879505,0.012624435008838475,0.09887219240394884,-0.07362332238627234,3.303173219303093e-05
33,4.420968896276427,0.033687718440822606,0.012888231972906972,0.012098004378484628,0.0941334164980816,-0.06993740774111235,3.079812283110671e-05
34,4.430563104973419,0.0248071209426328,0.0132663344722992,0.010029538706821217,0.08729596114584037,-0.06723688373219838,2.7734930402407152e-05
35,4.4408499519124,0.016133354676822247,0.013651360983169393,0.008603922903966499,0.08091180320667712,-0.06370395739874368,2.480230238461115e-05
36,4.451796868664488,0.007657576257114173,0.014043314777177747,0.007559584800156838,0.07501206562074003,-0.0598928960204268,2.210080301880464e-05
37,4.463378778956917,-0.0006278603124318174,0.014442172388417931,0.00860308825384326,0.07143798871289597,-0.05423181220520901,2.0075891003856294e-05
38,4.475575387802817,-0.008731077539157658,0.014847923038891002,0.00957252298391209,0.06830868974279136,-0.04916364377496629,1.8435363747637343e-05
39,4.488366115064219,-0.016666968214413068,0.015260541087228114,0.007885471035055769,0.06284258000072951,-0.04707163793061797,1.6312632223291052e-05
40,4.501733041280489,-0.024452378839495595,0.01568000362372818,0.004895231746479212,0.05609956964058638,-0.0463091061476284,1.4079462553645956e-05
41,4.5156676474257385,-0.03209295460328167,0.01610627404599612,0.00612832401211616,0.053798463309612465,-0.04154181528537926,1.280508512068336e-05
42,4.530166464961993,-0.039588340933043545,0.016539320625929686,0.009090575985255755,0.053778091831266917,-0.035596939860755406,1.2376317322984519e-05
43,4.545221078976047,-0.046950322096389815,0.016979102547902927,0.008430382705890027,0.050457407850067026,-0.03359664243828653,1.1203292370685248e-05
44,4.5608214990571465,-0.05419745621200686,0.017425574987216648,0.00540435912171211,0.04480842271646601,-0.03399970447304157,9.527732381377765e-06
45,4.576964831099451,-0.061336425230808136,0.017878686236337163,0.005345048734582525,0.04227310975656029,-0.031583012287394796,8.637731640675423e-06
46,4.593652776212716,-0.06836543787397954,0.01833838448049011,0.007186493260611382,0.04193813728761109,-0.027565150766388102,8.329378702122725e-06
47,4.610884792205733,-0.07528903937089312,0.01880461017117836,0.008100216788285097,0.04088946708398189,-0.024689033507411695,7.973000959853133e-06
48,4.628658702763506,-0.08211741965284158,0.01927729981218292,0.007679787860032095,0.03864107857667887,-0.02328150285661512,7.296708246880211e-06
49,4.646973383333576,-0.08885998896964212,0.019756385044450882,0.006644492146289371,0.03590416751068903,-0.02261518321811029,6.510232199485747e-06
50,4.66582942126475,-0.09552312515063799,0.02024179406124301,0.005707668648101016,0.03336824863834065,-0.021952911342138393,5.821810736951938e-06
51,4.685229753338915,-0.10210749134852756,0.020733448611677478,0.006703141822092196,0.03287872944370096,-0.01947244579951657,5.6668504046672095e-06
52,4.705178073131538,-0.10861201308103205,0.021231267400220303,0.008321967246553319,0.03316493682489341,-0.016521002331786327,5.838163676443035e-06
53,4.7256755703361755,-0.1150438266008257,0.02173516428823417,0.00787512471968066,0.031492171584379225,-0.015741922145018572,5.388999757435763e-06
54,4.746722416580019,-0.12141435839777198,0.02224504830144783,0.006096686786122962,0.02853904352015002,-0.01634566994790454,4.561481700284016e-06
55,4.768321396508644,-0.12772743841562054,0.022760823700716783,0.00562966087547534,0.0269654199814382,-0.015706098230486853,4.175047187229541e-06
56,4.790477085696244,-0.13398114536480168,0.02328239131683136,0.00620850814966456,0.026525542460434703,-0.01410852616110514,4.100949568736039e-06
57,4.813193368399875,-0.14017591324465556,0.02380964683986617,0.006894589655742411,0.026266797633600847,-0.012477618322116468,4.110247758514317e-06
58,4.836473182943307,-0.1463157546906774,0.024342481754958976,0.007005661598836088,0.025499930164144535,-0.011488606966472581,3.970062842230868e-06
59,4.860318602844428,-0.1524083898073103,0.024880783475212682,0.005695964283386257,0.02336627218064158,-0.011974343613869287,3.3968224952504653e-06
60,4.884731940175949,-0.15846109082371457,0.025424435223237802,0.004032677827863207,0.02091181047255586,-0.012846454816829556,2.8279818815681885e-06
61,4.909717898989295,-0.16447157651746436,0.02597331554804094,0.004678716551069884,0.020809985022667954,-0.011452551920528187,2.821472508037487e-06
62,4.935282046473733,-0.1704335255838898,0.026527299479972174,0.0063775626114299655,0.021826194259815135,-0.009071069036955648,3.1892899805296922e-06
63,4.961427244458404,-0.17635173718617997,0.027086258105143493,0.006009734555364132,0.02082033017983609,-0.008800861069107824,2.9587626281709858e-06
64,4.988154931136886,-0.1822373990010016,0.027650058125202385,0.004325999310720863,0.018519986901040175,-0.00986798827959856,2.3743297893222908e-06
65,5.0154685531097805,-0.18809279972585802,0.028218562459830118,0.003928595636823573,0.017535834945099804,-0.00967864367145288,2.1771425413767856e-06
66,5.0433729417478155,-0.1939134045109141,0.028791630617582185,0.004642630469648967,0.017700718934876236,-0.00841545799557819,2.257030891162873e-06
67,5.071872192749659,-0.19969742761168036,0.029369118144024486,0.00553139066480024,0.018072352687581006,-0.007009571357980748,2.4382689910705823e-06
68,5.100969441370188,-0.2054472202035244,0.02995087695092422,0.006001454087845359,0.018054724284023105,-0.006051816108332497,2.5291885850777537e-06
69,5.130666941870523,-0.21116930278614182,0.030536755637652305,0.005210913711986231,0.016800978987786652,-0.006379151563814078,2.1965137009682224e-06
70,5.1609668966862134,-0.21687025218639785,0.031126599329874452,0.004031916399765745,0.015175829363970217,-0.007111996564438727,1.7945091038065154e-06
71,5.191873134432532,-0.2225475161581933,0.03172024965900924,0.004674478249210745,0.015393300225760798,-0.0060443437273394185,1.9079242235480365e-06
72,5.223390080624071,-0.22819437313981572,0.03231754527404512,0.006229947302423433,0.01655187634041011,-0.004091981735563133,2.4020440957210012e-06
73,5.255520192506191,-0.2338141113404179,0.03291832179068964,0.0062348783396574126,0.016180062762786163,-0.0037103060834710044,2.364938010969927e-06
74,5.288264703254635,-0.23941646622030044,0.03352241158693356,0.005086262078323078,0.014667880890019691,-0.0044953567333737565,1.8930955598488043e-06
75,5.321625849616687,-0.24500490719828127,0.03412964424785709,0.004461292801695382,0.013695575591781917,-0.004772989988391152,1.6493876296722864e-06
76,5.355606710207297,-0.2505770996058341,0.03473984672413891,0.00451652760118193,0.013420242102086477,-0.004387186899722395,1.6266724399292048e-06
77,5.390210259332051,-0.2561302192329682,0.035352843167298344,0.0051844970688981196,0.013773237922127812,-0.003404243784331684,1.8195342284003192e-06
78,5.425438913964436,-0.2616637943044889,0.035968455207443704,0.0057523981270146685,0.014042433210759153,-0.0025376369567298163,2.014172756779193e-06
79,5.461293835692463,-0.2671844304168516,0.03658650217730984,0.004768669155649219,0.012772599633836812,-0.003235261322538485,1.6132637598719076e-06
80,5.497775757399413,-0.27270077184444497,0.03720680101687389,0.0031182706232983914,0.010845557794575189,-0.004609016547978628,1.1023358411853868e-06
81,5.53488695621817,-0.27821033476269574,0.037829166438725234,0.003272203425604192,0.01073451428049943,-0.004190107429291268,1.1072348487905718e-06
82,5.572630415320429,-0.283704532107269,0.038453411209082425,0.004508711147678035,0.011720390224928878,-0.002702967929572808,1.4483316308606267e-06
83,5.611007434123033,-0.2891848708963636,0.03907934622008968,0.004515996674426259,0.011487678722313266,-0.0024556853734607476,1.430135098647103e-06
84,5.650018122646671,-0.29466005387450145,0.03970678041287834,0.0035240231499966135,0.01026378005363604,-0.0032157337536428132,1.094326023410793e-06
85,5.689663184168895,-0.30013359263984707,0.04033552113029306,0.0028449301748431632,0.009362185117468447,-0.003672324767781898,8.975392275398654e-07
86,5.729943921818942,-0.30560341963278315,0.040965374228841604,0.002760284768944521,0.009064085329766491,-0.0035435157918772275,8.547482346765305e-07
87,5.770861717187107,-0.311065365469841,0.04159614407427452,0.003538557833452638,0.009637508835313946,-0.0025603931684087256,1.0365950160662196e-06
88,5.812417563431274,-0.3165165921169548,0.04222763375849101,0.004490834784104836,0.010394179588418817,-0.0014125100202092011,1.342166926688791e-06
89,5.854611183334491,-0.3219625129796776,0.04285964529994338,0.003997985200923038,0.009712795382830042,-0.001716824980983911,1.1516488471698409e-06
90,5.897441693704603,-0.32741199071036264,0.043491979612734454,0.0027607433904980327,0.008292949787535753,-0.0027714630065398538,7.75178136289345e-07
91,5.94090938708137,-0.33286332423231035,0.044124436713023345,0.0029971556938858668,0.00835389921159041,-0.002359587823818843,8.184131080647291e-07
92,5.985015168353195,-0.3383082663704663,0.044756815898198465,0.004232926187524688,0.009422073496356487,-0.0009562211213068883,1.2036635810601401e-06
93,6.029758689821317,-0.3437469184519182,0.04538891586042453,0.004636237487830597,0.009663862716550786,-0.0003913877408895372,1.358053149954599e-06
94,6.075138571718172,-0.3491863081082348,0.04602053470577127,0.004181858631499558,0.009053187397768447,-0.0006894701347694432,1.1688244596462563e-06
95,6.121153523509867,-0.3546313232516248,0.046651470216959944,0.0034980709918915887,0.0082188881120141,-0.0012227461282308116,9.174107451882966e-07
96,6.167802541769586,-0.36008289369963953,0.047281519948882494,0.0030181885877618164,0.007593862200012402,-0.0015574850244888805,7.606836282348613e-07
97,6.21508499845844,-0.3655369937043175,0.04791048129632076,0.0035947263032996557,0.008030661409671291,-0.000841208803072202,9.333551351664495e-07
98,6.263000144315912,-0.37098879113110056,0.04853815167520559,0.00455049199102886,0.008852516869388705,0.0002484671126688487,1.3045170293959163e-06
99,6.311545900911932,-0.37644335292985287,0.04916432869214848,0.003969452687321129,0.008141607605583079,-0.000202702230940488,1.059926233127834e-06
100,6.3607194259926185,-0.38191095480597537,0.04978881014826896,0.002445297863700624,0.006491548108708112,-0.0016009523813067528,5.694277503432651e-07
101,6.410518898656221,-0.38739108691544744,0.05041139424711045,0.002187988890175241,0.006113215327739896,-0.0017372375473893586,5.00237116988081e-07
102,6.460943139248535,-0.39287554706090855,0.05103187971704068,0.00293621238753905,0.006745080012177773,-0.0008726552370996732,6.86744547004187e-07
103,6.511990030714401,-0.3983627515430642,0.0516500659301226,0.0032216353769290995,0.006918004163260771,-0.00047473340940257236,7.713067165327598e-07
104,6.563656568816462,-0.40385751590766505,0.05226575296518968,0.0028784244548383797,0.006465863531783189,-0.0007090146221063187,6.572540590442001e-07
105,6.615939571230053,-0.40936462273192753,0.05287874179950209,0.0020965547261915796,0.005578771031363006,-0.0013856615789798465,4.4616360054796743e-07
106,6.668835953157106,-0.4148861707862711,0.05348883439803617,0.0013721842660517902,0.00475271425963103,-0.0020083457275274497,3.0447007061212203e-07
107,6.722343145061476,-0.4204174262328692,0.05409583380313227,0.0019138078659555746,0.005196078752717825,-0.0013684630208066206,3.923982642441709e-07
108,6.776458632424879,-0.4259511090605933,0.05469954427164591,0.003119007124049167,0.006306775678986298,-6.876143088785369e-05,7.174115935524957e-07
109,6.831178630151493,-0.43149038703748055,0.05529977142310869,0.0029617219645014514,0.006057688821102691,-0.00013424489209978852,6.617613371492234e-07
110,6.886498507433899,-0.4370449870959575,0.05589632225621577,0.0018494190019729961,0.0048562149558595835,-0.0011573769519137855,3.596345868235672e-07
111,6.942414400909426,-0.4426152444418874,0.056489005327027414,0.0017218241827443026,0.0046426805781462355,-0.0011990322126579356,3.281152130621479e-07
112,6.9989230104479905,-0.448193913962548,0.05707763083887252,0.002500184669618266,0.005338085031522721,-0.000337715692285967,5.10016192633887e-07
113,7.0560204037078975,-0.4537781212789208,0.05766201074467537,0.0031564334294313934,0.005913993954029029,0.0003988729048338968,7.206474327541664e-07
114,7.11370192697905,-0.4593704267815735,0.05824195881832733,0.0033695904999467563,0.006049308689237504,0.0006898723106559534,8.006970539122257e-07
115,7.171962473354366,-0.4649762585839403,0.05881729079677567,0.002762366501289637,0.005366532480414715,0.00015820052216447555,5.817752828074713e-07
116,7.230796816042865,-0.47060050411346377,0.059387824445988634,0.0018551587977680417,0.0043861278450484376,-0.0006758102495126317,3.311989052680559e-07
117,7.290200378088819,-0.47623939386696573,0.059953379653511774,0.002246448618596325,0.004706729795128317,-0.00021383255793572253,4.2352221800712113e-07
118,7.350168825505154,-0.48188463532931325,0.06051377852164828,0.003422204293219766,0.0058144497864248135,0.0010299588000146354,8.241429019920681e-07
119,7.410696628288655,-0.4875386919391586,0.0610688454879503,0.003250262906782736,0.0055761483041764925,0.000924377509389035,7.552662956028174e-07
120,7.4717773717924985,-0.493211705817869,0.06161840733984798,0.0019969459012604274,0.0042582407857469085,-0.00026434898322583167,3.5074909119199487e-07
121,7.533405255186898,-0.4989054915762139,0.06216229335484268,0.0014393479199307224,0.0036384519912724678,-0.0007597561514111062,2.2898985127063884e-07
122,7.595575021522413,-0.5046141527137051,0.0627003353605709,0.0016707696137439054,0.0038096894338541243,-0.0004681502063662857,2.706437258147005e-07
123,7.658281057899673,-0.5103337739956457,0.06323236781208093,0.0020968366674211647,0.004177397510609054,1.627582423330276e-05,3.6925395772967326e-07
124,7.7215172208979785,-0.5160644123654521,0.06375822785403805,0.0023338286402653508,0.004357845882710654,0.0003098113978202699,4.343404766357257e-07
125,7.785276777900266,-0.521810886323507,0.06427775541597529,0.0016051100554219655,0.003574127909036884,-0.00036390779819292507,2.4867277030016995e-07
126,7.849552742987623,-0.5275791401909119,0.0647907932568658,0.0004184827943305991,0.002334243528200136,-0.0014972779395387992,9.061041541674076e-08
127,7.914338856031074,-0.5333653253289099,0.06529718704141778,0.0006494953860484987,0.0025136563201717532,-0.0012146655480745339,1.031832408974645e-07
128,7.97962924816304,-0.5391594330974446,0.06579678539261792,0.00190622970271212,0.003720550813613277,9.190859181085198e-05,3.1128231363158296e-07
129,8.045416981601635,-0.5449617280296168,0.06628943998303718,0.0020616030543308406,0.003827439621564399,0.00029576648709753184,3.5064462710502306e-07
130,8.111694239303848,-0.5507808052467548,0.06677500553870667,0.0012130345649842833,0.002931615104235702,-0.0005055459742671076,1.6399669001604674e-07
131,8.178453625256308,-0.5566189200008471,0.06725333993590601,0.0008152632986459796,0.002488180737230783,-0.0008576541399390458,1.0743979968189756e-07
132,8.245688202405262,-0.5624714859810518,0.06772430423712575,0.0010786598532100677,0.002707287847487694,-0.0005499681410675583,1.3867568016144257e-07
133,8.313390909015702,-0.5683337160315907,0.06818776273923834,0.0018314081620459943,0.0034170512683454612,0.00024576505574630536,2.858529119986268e-07
134,8.38155432817955,-0.5742033263905846,0.06864358301288558,0.0026237904509423537,0.004167866058532199,0.0010797148433527026,5.271140390237784e-07
135,8.450170316615715,-0.5800849632971974,0.06909163596463658,0.002202108258830715,0.0037055666925819575,0.0006986498250796114,3.871026938736804e-07
136,8.519230325525971,-0.5859865799409274,0.06953179585084787,0.0010105460946811529,0.0024745014174147872,-0.0004534092280523705,1.20678815074618e-07
137,8.58872657369423,-0.5919057387581501,0.06996394033512549,0.0011610650547103918,0.0025868252920326906,-0.00026469518261179603,1.4172381859399205e-07
138,8.658651796119027,-0.5978324845600596,0.07038795050535647,0.002383923972393287,0.0037728349696335983,0.0009950129751528924,4.452824871673656e-07
139,8.728997794931097,-0.6037664229300417,0.07080371093327613,0.0025785263557267513,0.003931497503498388,0.0012255552079554477,5.139623776788026e-07
140,8.799755530998429,-0.609715796931682,0.0712111096642937,0.001708200624384426,0.003026025344489175,0.0003903759042798993,2.49013622015265e-07
141,8.87091625325899,-0.6156841824569064,0.07161003827525261,0.0009669649038058781,0.0022508394046043267,-0.00031690959699265386,1.0630264581913509e-07
142,8.942471618749146,-0.6216690384182875,0.0720003918856649,0.0006761169738197792,0.0019270547334869215,-0.0005748207858473492,7.04703299279476e-08
143,9.014413382184623,-0.6276653959397267,0.072382069179368,0.0011144822888199124,0.0023334112023787462,-0.00010444662473893529,1.2575178182470675e-07
144,9.086733144207795,-0.6336689011230701,0.07275497241938787,0.001844605469660976,0.003032586324494796,0.0006566246148271421,2.8178016648446763e-07
145,9.159421739092432,-0.6396832694392094,0.07311900747866913,0.001276934230936,0.0024346425257796983,0.00011922593609231535,1.5189185900992822e-07
146,9.232469512810404,-0.6457170368936453,0.0734740838304226,-0.000212040659101409,0.0009162844970798667,-0.0013403658152826847,3.4483870510306915e-08
147,9.305867604123316,-0.6517680981572718,0.07382011458171216,-0.00031905369823490015,0.0007807692594316573,-0.0014188766559014576,3.727906744107602e-08
148,9.379607776161238,-0.6578257118469252,0.07415701646138993,0.0008302947001264382,0.00190245458502325,-0.00024186518477048446,7.953821259805392e-08
149,9.453681021176951,-0.6638874751140345,0.07448470985148119,0.0012434053953732926,0.0022887313910305296,0.00019807939971595856,1.422875793396436e-07
150,9.528077557794138,-0.6699594800915267,0.0748031187625131,0.0007501472809240545,0.0017692528587235495,-0.0002689582968754406,6.798952728165379e-08
151,9.602787747788074,-0.6760452006302864,0.0751121708566593,0.00018445534218058945,0.001178132998105888,-0.0008092223137448201,2.7277400558964488e-08
152,9.677802269835848,-0.6821433721608308,0.07541179743896609,-7.878403741810869e-05,0.0008901871098788566,-0.001047755184715074,2.4069582014091438e-08
153,9.753112068232234,-0.6882486221373132,0.07570193345567372,0.0006419570120930751,0.0015868387799613942,-0.00030292475577546607,5.372636800257692e-08
154,9.828708099414726,-0.6943546098983522,0.07598251748465963,0.0019153784830898551,0.002837075863677388,0.0009936811025026554,3.002715183533621e-07
155,9.90458050565476,-0.7004643199749099,0.07625349174468551,0.0017515508823269799,0.0026505391661676564,0.0008525625984864005,2.544825932043654e-07
156,9.980718840858081,-0.706587375410618,0.0765148020618035,0.00040733067735704287,0.0012841004446329796,-0.0004694390899187967,3.230149054615952e-08
157,10.057113433815235,-0.7127231469674966,0.07676639788301674,0.00030034129319903013,0.0011556155775480775,-0.0005549329911500173,2.564276040848614e-08
158,10.133755304217932,-0.718861779054276,0.07700823224312303,0.001432260521239459,0.002266727223434503,0.0005977938190441789,1.7584689367583386e-07
159,10.21063485448895,-0.7250005216433326,0.07724026177052007,0.0019305589193330253,0.0027448166416912945,0.001116301196974756,3.0494941603978047e-07
160,10.287741796570064,-0.7311447433870941,0.07746244665036721,0.001517402277778676,0.0023118526466525124,0.0007229519089050618,1.946548762657083e-07
161,10.365065878208643,-0.7372989196266317,0.07767475062171354,0.0006990023331065742,0.00147420887189334,-7.62042056804274e-05,5.351163645308371e-08
162,10.442597093271646,-0.7434640170615596,0.07787714095088757,-0.00010187622803720098,0.0006546580733057944,-0.0008584105293801964,1.5665777267660606e-08
163,10.520325863733065,-0.7496352240505291,0.07806958841305744,0.0002447625073390969,0.0009830751475516791,-0.0004935501328732772,1.8862435145872874e-08
164,10.598242807974124,-0.7558048850319531,0.07825206726285036,0.0013813015860233008,0.0021020641965638354,0.0006605389754828772,1.6285509722556026e-07
165,10.67633775342782,-0.7619750136572889,0.0784245552251884,0.0010424356310552718,0.0017460095620312754,0.0003388617000793931,9.816224889706847e-08
166,10.75459989842729,-0.7681553375531671,0.0785870334470587,-0.0006174092055234587,6.940291435790502e-05,-0.0013042213254048224,4.2313702058104636e-08
167,10.833019203962385,-0.7743457315246267,0.0787394864931413,-0.0010625066152626789,-0.0003919451873235086,-0.0017330680432018492,1.0069241099554472e-07
168,10.911586385863126,-0.7805363222397357,0.0788819022975334,-0.00014315285775055864,0.0005115176148974138,-0.000797823330398531,1.2885927999532195e-08
169,10.990291709976653,-0.786722790202003,0.07901427215092698,0.0004634974603338615,0.001102819848724776,-0.0001758249280572749,2.7739877743915682e-08
170,11.069124855625915,-0.7929081746281826,0.07913659065486817,0.0003895877685555632,0.0010139233742942483,-0.00023474783718312187,2.2293591027674925e-08
171,11.148075432024358,-0.7990963800294157,0.07924885569934793,-0.00024971060441496273,0.0003600250311209946,-0.000859446239950698,1.4762574662190052e-08
172,11.227133200791359,-0.80528937432779,0.07935106842422925,-0.0010349832695914218,-0.0004394113528451843,-0.0016305551863377843,9.438219780557683e-08
173,11.30628846257299,-0.8114822775098458,0.07944323318852883,-0.0004437340034180032,0.00013787981609417188,-0.0010253478229304003,2.46002388573215e-08
174,11.38553185607216,-0.8176659413069662,0.07952535752643551,0.0012290427064447218,0.0017972737581847253,0.0006608116547047183,1.2868593086104494e-07
175,11.464853234773662,-0.8238413764779285,0.07959745212748365,0.0013732358801164524,0.0019284442152208148,0.0008180275450119928,1.5828183240120172e-07
176,11.544241762656092,-0.8300186162005488,0.07965953077640238,-1.1361487753241972e-05,0.0005309809731976617,-0.0005537039487042567,7.82051057789099e-09
177,11.623687310737054,-0.8361988297094918,0.07971161033638281,-0.00036975768758543137,0.0001601311274170708,-0.0008996465025879197,1.835876356175405e-08
178,11.703180520240238,-0.8423735159368038,0.0797537106931491,0.0005641665320112732,0.001081920498402028,4.641256562072649e-05,3.251082382119777e-08
179,11.782711725857412,-0.848538378547788,0.07978585472776692,0.0013050486197644928,0.0018110754566230264,0.0007990217829057511,1.4269750275353493e-07
180,11.862270778449158,-0.8546956669892729,0.07980806826576,0.0014107592123407953,0.0019053319477262964,0.000916186476955308,1.653444100112073e-07
181,11.941847374813094,-0.8608499897106344,0.07982038004306866,0.0006081540652645989,0.0010914925957856286,0.00012481553474347207,3.573745291012127e-08
182,12.021431282127342,-0.8670054472617523,0.07982282165869958,-0.0006949696175437559,-0.00022251921522270512,-0.0011674200198648135,4.4492115040132314e-08
183,12.101012912819877,-0.873158226687496,0.07981542753814048,-0.0005236284511856287,-6.188301348664799e-05,-0.0009853738888846025,2.7556784885815668e-08
184,12.180583170111124,-0.879298617633218,0.07979823487996998,0.0009508810374479343,0.0014023306796980134,0.0004994313951977372,7.757268928370164e-08
185,12.260132230111626,-0.8854268192457921,0.07977128362828659,0.0008861916805545794,0.0013276277473675338,0.00044475561374163197,6.782880147329003e-08
186,12.339649569625067,-0.8915526453705913,0.0797346164086728,-0.0008417654326959984,-0.0004101852238652115,-0.0012733456415267921,6.144797669462e-08
187,12.419125336002466,-0.8976777914205436,0.07968827850256492,-0.0016179631189504329,-0.0011959096153464147,-0.002040016622554458,2.1333994839051075e-07
188,12.498550470699158,-0.9037942494229594,0.07963231778751349,-0.0010336325560596007,-0.0006209948241690799,-0.0014462702879502326,8.959853277789252e-08
189,12.577915762357375,-0.9098966271699769,0.07956678470237533,-0.00029488568245392144,0.00010866143043437859,-0.0006984327953422284,1.1238091428408595e-08
190,12.657211635351572,-0.9159849324410556,0.07949173219442339,0.00011267685539803618,0.0005073978313387753,-0.00028204412054236294,5.137626700796987e-09
191,12.736428284078965,-0.9220628821766054,0.07940721567886937,-0.0005168364616259871,-0.0001307506770489575,-0.0009029222462027947,2.5156788703245352e-08
192,12.815555880453712,-0.9281352340182146,0.07931329298761046,-0.0018307475024082684,-0.0014529798620262907,-0.002208515142790135,2.6960221196076994e-07
193,12.894585305798204,-0.9341982737652921,0.07921002433010643,-0.0014467478536645678,-0.0010773392037105034,-0.0018161565036186392,1.69395939003342e-07
194,12.973508043437555,-0.9402412267022178,0.0790974722352938,0.0005739468747383639,0.0009353034629241627,0.000212590286552454,2.9498706974130473e-08
195,13.05231488210667,-0.9462632056865452,0.07897570152198485,0.0010727081541623065,0.0014264108627500202,0.0007190054455743708,9.417099394454938e-08
196,13.130995877990335,-0.9522737730150698,0.07884477923268506,-0.00025407153713421365,9.195253406637377e-05,-0.0006000956083349121,8.236380459600241e-09
197,13.209541680702968,-0.9582756356157464,0.07870477460380824,-0.0008497672778750159,-0.0005111763115595649,-0.0011883582441904739,5.984073872558664e-08
198,13.287943708819258,-0.964262356762077,0.07855575900715077,-0.00020803739731024146,0.00012324153239776092,-0.0005393163270182438,6.273578268398244e-09
199,13.36619334799417,-0.9702288743630623,0.07839780591045813,0.000726446925402198,0.0010506587143878782,0.00040223513641640674,4.4119376356829285e-08
200,13.444281724838074,-0.9761744927723512,0.07823099082547791,0.0014297145372441644,0.001747126724169601,0.001112302350318957,1.6253796028284115e-07
201,13.52219966941757,-0.9821034234748514,0.0780553912660429,0.0007277216090814526,0.001038374116761838,0.0004170691014011782,4.384738712026225e-08
202,13.599937901403717,-0.9880223683115975,0.07787108669514879,-0.0010969750695662694,-0.0007928720412786264,-0.0014010780978538015,9.610697831095677e-08
203,13.677487910672493,-0.9939289730417655,0.07767815848745417,-0.0011778672357959374,-0.0008802556042569396,-0.0014754788673348312,1.1006182955081953e-07
204,13.75484190755677,-0.9998124978291582,0.0774766898700044,0.000593249740340196,0.0008845713535065719,0.00030192812717348,2.9459324523214812e-08
205,13.831991479487733,-1.0056714926926642,0.0772667658918817,0.0008427989782701234,0.0011281363696279759,0.0005574615869123889,5.6980319335399177e-08
206,13.908927491320242,-1.0115151507552138,0.07704847336114164,-0.0008723729569240085,-0.0005930303395982328,-0.0011517155742493332,6.06406420611937e-08
207,13.985641351997405,-1.0173466676927903,0.07682190081325542,-0.0019830238023950952,-0.0017094311922390068,-0.0022566164125509547,3.040099486856256e-07
208,14.062125232168826,-1.0231603930763673,0.07658713845508316,-0.0018487798783456688,-0.001580925189105603,-0.0021166345675861717,2.6360545694123015e-07
209,14.138371402217938,-1.0289505644007555,0.0763442781255215,-0.0010347249051368343,-0.0007724841454685091,-0.0012969656648047154,8.348850197384438e-08
210,14.21437199602228,-1.0347144314150853,0.07609341324582632,-5.794021022820922e-05,0.00019891712630951824,-0.0003147975467654926,1.928889274601337e-09
211,14.290118795651725,-1.0404551277058616,0.07583463877900533,-0.0006010788917001075,-0.0003494869436937928,-0.0008526708397064223,2.8998812238113816e-08
212,14.365603382124903,-1.0461797083145254,0.07556805117822524,-0.0024886050798569384,-0.002242004084460743,-0.002735206075253134,4.69536488453715e-07
213,14.44081813777062,-1.051885947895593,0.07529374835200146,-0.0023867908669820345,-0.0021453541976722626,-0.0026282275362913624,4.303942145168302e-07
214,14.515756248939951,-1.0575623139783155,0.07501182960641885,-3.035836602328923e-05,0.00020596729842922018,-0.0002666840304762358,1.4655989007000846e-09
215,14.590410319751593,-1.0632062708787702,0.07472239561718409,0.0008844039626626846,0.001116127554081317,0.0006526803712440521,5.978307060399897e-08
216,14.664772214309949,-1.0688264072894857,0.07442554836980117,-0.00028917191030240763,-6.217962708371383e-05,-0.0005161641935204284,7.501764770767619e-09
217,14.738834253671042,-1.0744266424074083,0.07412139112861665,-0.0011123295459670515,-0.0008899154020952857,-0.0013347436898383733,9.293090744245569e-08
218,14.81258946642583,-1.0800029143246983,0.07381002838598558,-0.0008702539914886842,-0.0006523812153616457,-0.0010881267676157158,5.706732015743993e-08
219,14.886031074753653,-1.0855499915851055,0.07349156582370107,0.0002256941773824614,0.00043910279888859094,1.2285555876331844e-05,4.8591845499212325e-09
220,14.959152263487876,-1.091064538394133,0.07316611026704659,0.0016583469864218658,0.0018676230062337068,0.001449070966610476,2.0228333608036271e-07
221,15.031945808154894,-1.0965500728741637,0.07283376964771962,0.0011425258509818181,0.0013476215272044331,0.0009374301747592101,9.609590933636305e-08
222,15.104404190966367,-1.1020154494197643,0.0724946529538246,-0.0012804623786540903,-0.001079465479654998,-0.0014814592776531826,1.198373214149866e-07
223,15.176520725703048,-1.1074599526254412,0.07214887019999201,-0.001703232682443323,-0.0015062837312994487,-0.0019001816335871904,2.1023684394421676e-07
224,15.248289620263689,-1.1128724816535231,0.07179653237209326,0.00035916800375964536,0.0005520846189054282,0.00016625138861452865,1.0152551044063166e-08
225,15.319704570768312,-1.1182501996675638,0.07143775140163765,0.0009739758525363212,0.0011632388447727002,0.0007847128602999423,6.862089809870624e-08
226,15.390758552829261,-1.1236013254433967,0.07107264011150358,-0.0006621887299393392,-0.00047671491979913577,-0.0008476625400795357,3.19798990750585e-08
227,15.461444945320329,-1.1289302369318046,0.07070131218650856,-0.00214191317268575,-0.0019600229159819904,-0.0023238034293892873,3.251426128330977e-07
228,15.53175780645768,-1.1342338127440241,0.0703238821270178,-0.0026232012173174474,-0.0024448674244861024,-0.0028015350101487854,4.846571186777399e-07
229,15.601691501429903,-1.1395063912517585,0.06994046521366784,-0.0017869227194466791,-0.0016122355374957806,-0.001961609901397793,2.2403782162710486e-07
230,15.671240478639552,-1.1447427394686498,0.06955117746478949,-8.607050663407556e-05,8.518634489865229e-05,-0.00025732735816658137,1.1951977006867415e-09
231,15.740398731746234,-1.1499452102157437,0.06915613560342442,-0.0004674025313808408,-0.0002994463069148634,-0.0006353587558468182,1.5758485806966198e-08
232,15.809159870620023,-1.1551228159291562,0.06875545701023691,-0.0030554240820465373,-0.0028905105983379614,-0.003220337565755113,6.42497868245417e-07
233,15.877518350980939,-1.1602749027525574,0.06834925969787092,-0.003328933768486135,-0.0031672803565711977,-0.0034905871804015165,7.580281921543586e-07
234,15.94546958796791,-1.1653896484301192,0.06793766225879544,-0.0005889607564478205,-0.000430798164568702,-0.000747123348326717,2.4132357205430853e-08
235,16.01300852052926,-1.1704631314471148,0.06752078384351046,0.0008462773561165107,0.001001631282486537,0.0006909234297464845,4.8900598278916276e-08
236,16.080129354451792,-1.1755027721669058,0.06709874411033556,-6.401426661001991e-05,8.833283395288938e-05,-0.0002163613671729292,7.940715441344089e-10
237,16.14682660826723,-1.1805134406739377,0.06667166319830412,-0.0011253077655147131,-0.0009758792383312842,-0.001274736292698142,8.49237329652104e-08
238,16.213095406925174,-1.1854935405778209,0.06623966168595247,-0.0014446757503401159,-0.0012981289066946733,-0.0015912225939857735,1.3872219175219408e-07
239,16.278931255811983,-1.1904380235368253,0.0658028605586129,-0.00019012262300949906,-4.658165846246204e-05,-0.00033366358755564443,2.8304846874383382e-09
240,16.344329834736477,-1.1953411268758463,0.06536138116916279,0.0022255819251113043,0.0023665923525180814,0.0020845714977045272,3.2418218138451024e-07
241,16.409286308188562,-1.2002055811798833,0.0649153452099741,0.00199299833067065,0.0021313949929154287,0.0018546016684260931,2.5826095504981793e-07
242,16.47379535654013,-1.2050422092678614,0.06446487466715323,-0.0012256203787978995,-0.001089965978175022,-0.0013612747794212211,9.723103937220417e-08
243,16.5378525236042,-1.2098519492238333,0.06401009180034617,-0.002122999674456852,-0.001989904136509516,-0.0022560952124037435,2.8887961983179675e-07
244,16.601454386904848,-1.2146235935421523,0.0635511190931543,0.00028728789081399614,0.0004176436416658859,0.00015693213996210292,5.6051158855990065e-09
245,16.664597105973858,-1.2193531453658075,0.06308807923393119,0.0013563825203190133,0.0014844967477418217,0.0012282682928957574,1.1641293920361148e-07
246,16.727276125409375,-1.224047785203342,0.0626210950705549,-0.0001439863411619169,-1.837050648460445e-05,-0.0002696021758392293,1.6276378436711248e-09
247,16.7894871491185,-1.2287128817961377,0.062150289585311755,-0.0021030152904942603,-0.0019797268803493813,-0.002226303700639136,2.7518532255037966e-07
248,16.85122644804894,-1.2333478794244832,0.06167578585715496,-0.0034946533794690017,-0.003373524371416352,-0.0036157823875216516,7.535234812493395e-07
249,16.91249077804894,-1.2379474098057086,0.06119770703280385,-0.0026790916694073193,-0.0025604875588488146,-0.002797695779966268,4.3953546587038924e-07
250,16.973277190012602,-1.2425038150525798,0.06071617628949736,6.124636568165254e-05,0.00017752480850450475,-5.5032077140755586e-05,5.013947543884356e-10
251,17.033582167875615,-1.2470186424862209,0.060231316811263015,-7.926684298196346e-05,3.49198012426985e-05,-0.0001934534872063999,6.402245037785857e-10
252,17.093401612786124,-1.2515028649062052,0.05974325174500494,-0.003678208065962873,-0.003565877098529461,-0.0037905390333962848,8.085305573775421e-07
253,17.152732307409032,-1.2559573410561453,0.059252104184283505,-0.004471543892626405,-0.0043612372718792765,-0.0045818505133735365,1.1849686486350908e-06
254,17.21157213190789,-1.26036993884703,0.05875799712172207,-0.001173911750344564,-0.0010662754907118932,-0.0012815480099767906,8.119947729569241e-08
255,17.269918566708085,-1.2647354947133547,0.05826105343328182,0.000997011691353536,0.0011029596880063608,0.0008910636947009366,5.8131362698628383e-08
256,17.327768355027857,-1.2690603270496643,0.05776139583575828,0.0005083504120397056,0.0006123592206662733,0.00040434160341313793,1.5134992444528493e-08
257,17.385118406612904,-1.273350186046368,0.05725914686376828,-0.0008625000887448886,-0.0007604296487496061,-0.0009645705287406117,4.2794295069901444e-08
258,17.4419661151235,-1.277605993308228,0.05675442883549817,-0.0020482684612363883,-0.001948010121914208,-0.002148526800558794,2.3829790027242347e-07
259,17.498309426609268,-1.281822926981746,0.056247363826168385,-0.0005599142694756587,-0.0004618985098830096,-0.0006579300290676451,1.7813897418528154e-08
260,17.55414666974896,-1.2859926734481344,0.05573807363236607,0.003393081807898303,0.003489663965856836,0.0032964996499399955,6.418859836803402e-07
261,17.60947551984207,-1.2901172910696848,0.055226679753098945,0.003563196454852577,0.0036582484991355933,0.0034681444105691163,7.013446258038927e-07
262,17.664292946977298,-1.2942099195738372,0.05471330334526225,-0.0009466418704316137,-0.0008537240223247221,-0.0010395597185391715,4.918773788454698e-08
263,17.71859683364439,-1.2982731003872332,0.05419806521257095,-0.0025598487363992714,-0.00246846761910988,-0.0026512298536886664,3.5530132713120525e-07
264,17.772386241569073,-1.3022952112635862,0.05368108575879343,0.0004087065496561418,0.0004980787569140305,0.0003193343423982496,9.109868541923493e-09
265,17.825659865663532,-1.3062711538575056,0.05316248497428329,0.002130624738549941,0.0022187157560394598,0.0020425337210608664,2.4147189884686175e-07
266,17.87841566322642,-1.310207308130019,0.0526423823965361,0.0008066384056570584,0.0008930257748859007,0.0007202510364275501,3.438353578017014e-08
267,17.93065170452486,-1.314110147779114,0.052120897088858455,-0.001954360258656203,-0.0018696023569608027,-0.0020391181603516065,1.9920182887742287e-07
268,17.98236650339732,-1.3179817908245859,0.05159814760768499,-0.0048916701816444814,-0.004807958271121772,-0.004975382092167191,1.2347835607491315e-06
269,18.033559247266417,-1.3218169417324392,0.0510742519798388,-0.004079448767576842,-0.003997652539140084,-0.00416124499601404,8.500866149898364e-07
270,18.084229639461064,-1.3256049882345151,0.05054932766649822,0.0004634684204174386,0.0005435051928956609,0.0003834316479394348,1.0966083779933163e-08
271,18.134376636618903,-1.3293468683869867,0.05002349154883751,0.0006327328138886895,0.0007115340486516727,0.0005539315791257063,2.0130488083916473e-08
272,18.183998357449813,-1.3330562965116042,0.04949685988303549,-0.004803682365365811,-0.004725910152250927,-0.004881454578480698,1.1422578660915368e-06
273,18.233093895180236,-1.336735502413552,0.04896954829354009,-0.006383099680640533,-0.006306313952918845,-0.0064598854083622245,1.9953096342288494e-06
274,18.281663622726008,-1.3403711558036604,0.04844167172581876,-0.001963289178561513,-0.0018890353626833042,-0.002037542994439274,1.8680766655020809e-07
275,18.32970752290855,-1.343956670807173,0.047913344436930266,0.001490565858831519,0.0015639943660798843,0.0014171373515824912,1.065393378388055e-07
276,18.377224775943212,-1.3474977196861042,0.047384679956558935,0.0016926288387586613,0.001764929863863944,0.001620327813653382,1.3583931410818663e-07
277,18.424214575246985,-1.3510013393403977,0.046855791068014706,-0.0002775774594326458,-0.00020664333558175277,-0.0003485115832839829,3.6887906843924086e-09
278,18.47067647708004,-1.3544712111589643,0.046326789777281746,-0.0030358562974621937,-0.002965851641182137,-0.0031058609537422503,4.2704298923292314e-07
279,18.516610808187657,-1.3579021939676958,0.04579778729283435,-0.0009324629964400262,-0.0008645450337006304,-0.001000380959179866,3.9891011094891873e-08
280,18.5620185090195,-1.3612823920982162,0.04526889398906905,0.0060356044529133145,0.006103356361598426,0.005967852544228203,1.6491481266524594e-06
281,18.60689959939701,-1.3646137354836387,0.044740219398255246,0.00671491738153622,0.006782230907058474,0.00664760385601397,2.0174092318124944e-06
282,18.651253072715296,-1.3679134294396933,0.044211872161303054,-0.0005746854286264903,-0.0005097987173820623,-0.0006395721398704743,1.4663608848982474e-08
283,18.69507900593753,-1.37118556880114,0.043683960028824985,-0.0034384530252353634,-0.0033739977564859955,-0.003502908293985401,5.165341721472707e-07
284,18.738378906616337,-1.3744164895253541,0.04315658981144285,0.0008943715206252076,0.0009571704309861602,0.0008315726102646956,3.457770644202706e-08
285,18.78115386153629,-1.3775996135395137,0.04262986737424121,0.003835635239683395,0.0038981907486556264,0.0037730797307116114,6.272303796837966e-07
286,18.82340408413409,-1.3807414952045376,0.04210389759904731,0.002559325735026985,0.0026207961422637337,0.002497855327790014,2.7583980124441795e-07
287,18.865129742521574,-1.3838507108166407,0.04157878436795359,-0.0021414851049200087,-0.002081436182736259,-0.002201534027103314,1.9072855364333852e-07
288,18.90633135127917,-1.3869325456929797,0.04105463053231212,-0.008349923980795329,-0.008289020253937619,-0.008410827707652814,2.8624301186425466e-06
289,18.947010411476356,-1.3899804595951546,0.040531537898478305,-0.007114216469476471,-0.007055135953438464,-0.007173296985514475,2.0514324340279462e-06
290,18.987169223544505,-1.3929785820000842,0.04000960718732234,0.001642510508230513,0.0016999966281408228,0.0015850243883202067,1.0798362208345424e-07
291,19.026808910176157,-1.395928144115169,0.03948893803523786,0.0019563510987785117,0.002013527261147459,0.0018991749364095645,1.511794237667071e-07
292,19.0659293103215,-1.3988489092088066,0.03896962893928615,-0.008213926522426189,-0.008156481544178917,-0.008271371500673464,2.629268740731023e-06
293,19.104531596533725,-1.401744082100407,0.038451777268640505,-0.011112331225767179,-0.011053933721798071,-0.011170728729736734,4.748219332043293e-06
294,19.142618643263347,-1.4045954054381102,0.03793547920850305,-0.0031504707184696057,-0.0030960756416438806,-0.0032048657952948867,3.7656471432237373e-07
295,19.180192740478844,-1.4073937084780315,0.037420829764530227,0.0035085044288197566,0.003563821176003068,0.003453187681636223,4.606737390996869e-07
296,19.21725507093926,-1.410145893140582,0.03690792272163643,0.004849288878317239,0.004904924199071133,0.004793653557562904,8.679501246778647e-07
297,19.253806646068277,-1.4128624701817138,0.03639685063331447,0.000812071349885736,0.0008665452516812937,0.0007575974480903969,2.4038264063651467e-08
298,19.289848790204363,-1.415550972942765,0.03588770479069791,-0.005819197292594162,-0.0057635562139902174,-0.005874838371198326,1.2153044328663936e-06
299,19.325384106294216,-1.4182029950759807,0.03538057521455164,-0.0007463996177838779,-0.0006948062350881461,-0.0007979930004800538,1.9742349711889232e-08
300,19.36041617270963,-1.4207981661900626,0.03487555060906896,0.015279040862829496,0.01533693884033455,0.015221142885324446,8.141704511714307e-06
301,19.394946793152066,-1.4233411843109556,0.03437271838060795,0.01568100838237928,0.01574042101163947,0.01562159575311909,8.452086478219084e-06
302,19.42897599448638,-1.4258619456086472,0.033872164564397796,-0.001774236725942912,-0.0017210308045488495,-0.0018274426473365302,1.0665868998694435e-07
303,19.46250572779092,-1.428365492291352,0.03337397386239302,-0.007307912618481127,-0.0072505543855054255,-0.007365270851456832,1.782393259038751e-06
304,19.495540231278362,-1.4308272199746181,0.03287822956872747,0.0038298015168890392,0.00388543010102654,0.003774172932751986,4.82271389917941e-07
305,19.528082737474,-1.4332371963098538,0.03238501359342072,0.0104522552646088,0.01051295201092143,0.010391558518296172,3.5380908500729047e-06
306,19.560134846989058,-1.4356085301041164,0.031894406413443946,0.006328094751739836,0.006388321681005303,0.006267867822475032,1.2772431530506235e-06
307,19.591697944143675,-1.4379583271929048,0.031406487073333725,-0.007970582556741351,-0.007912963463468242,-0.008028201650014461,1.9952947306963012e-06
308,19.622773962207674,-1.4402971727454421,0.0309213331476339,-0.025777109186792366,-0.025699203619420647,-0.02585501475416342,2.0546031729356934e-05
309,19.65336708528408,-1.4426067247154684,0.030439020754486058,-0.017038469030093175,-0.016972828370711356,-0.017104109689474994,8.836778387808068e-06
310,19.683482955019635,-1.4448501444231938,0.029959624480610514,0.013302404555395081,0.013377790944191965,0.013227018166598194,5.3015311549280365e-06
311,19.713123483806648,-1.4470414624280845,0.029483217455996177,0.004447194577989068,0.004510931288324117,0.0043834578676544625,5.831454250942482e-07
312,19.74228747609613,-1.4492370959954335,0.029009871206817632,-0.04064528135046661,-0.04052892079495376,-0.040761641905979466,4.792556653239333e-05
313,19.770978877572283,-1.451425811807919,0.028539655804581884,-0.03482904813677685,-0.034722673172888845,-0.03493542310066486,3.462049655351426e-05
314,19.799206373698933,-1.453534078327995,0.028072639659993872,0.022313006350205424,0.02241910022596064,0.022206912474450204,1.3976637520321117e-05
315,19.82697333715447,-1.4555598777904548,0.027608889704246308,0.032629447344188205,0.032799205729959126,0.032459688958416846,2.9394920925937817e-05
316,19.85427800722222,-1.4575714455796427,0.027148471193072808,-0.006972511778016638,-0.006823512293226686,-0.007121511262805701,1.3200488234186035e-06
317,19.881123407251028,-1.4595736223131897,0.02669144783936676,-0.00393879685568712,-0.0035033844981343758,-0.00437420921323986,4.1578109909400207e-07
318,19.907517489560192,-1.4615048580601901,0.02623788169258497,0.049340964219244256,0.04847094652555581,0.05021098191293359,6.388354988450058e-05
319,19.933465081123177,-1.463346254284985,0.025787833196372047,0.07541569299275883,0.08470436647106659,0.06612701951445128,0.00014741064451584626
